9 0.7015625 0.478125 0.0890625 0.18125
9 0.453125 0.4828125 0.0796875 0.203125
9 0.95078125 0.4875 0.0796875 0.2
9 0.3734375 0.490625 0.0828125 0.19375
9 0.53984375 0.490625 0.0828125 0.19375
9 0.61875 0.4921875 0.0828125 0.178125
9 0.21015625 0.4953125 0.0890625 0.203125
9 0.7859375 0.4953125 0.0921875 0.203125
9 0.86953125 0.4953125 0.0890625 0.203125
9 0.2921875 0.4984375 0.0859375 0.190625
9 0.0453125 0.503125 0.075 0.21875
9 0.12578125 0.5046875 0.08125 0.184375
9 0.7046875 0.6796875 0.08125 0.184375
9 0.784375 0.6796875 0.08125 0.190625
9 0.9546875 0.6828125 0.0890625 0.190625
9 0.87109375 0.6859375 0.0796875 0.184375
9 0.6234375 0.6875 0.084375 0.20625
9 0.5421875 0.6890625 0.078125 0.184375
9 0.375 0.6921875 0.078125 0.178125
9 0.29140625 0.69375 0.08125 0.2
9 0.20859375 0.6984375 0.0796875 0.184375
9 0.04375 0.7078125 0.0796875 0.209375
9 0.95703125 0.8796875 0.0859375 0.190625
9 0.87578125 0.8828125 0.0859375 0.184375
9 0.54296875 0.884375 0.0828125 0.2
9 0.78828125 0.884375 0.08125 0.20625
9 0.70234375 0.8890625 0.075 0.184375
9 0.29140625 0.890625 0.078125 0.1875
9 0.625 0.890625 0.08125 0.19375
9 0.375 0.8921875 0.0875 0.209375
9 0.459375 0.8921875 0.0734375 0.184375
9 0.1234375 0.8984375 0.0890625 0.184375
9 0.04453125 0.9015625 0.0796875 0.196875
9 0.95234375 0.0921875 0.0890625 0.184375
9 0.8703125 0.0984375 0.090625 0.196875
9 0.45234375 0.103125 0.0796875 0.18125
9 0.7015625 0.1046875 0.0828125 0.184375
9 0.5375 0.10625 0.078125 0.1875
9 0.621875 0.1078125 0.078125 0.190625
10 0.2875 0.109375 0.0796875 0.175
9 0.7859375 0.1109375 0.08125 0.196875
10 0.2046875 0.1140625 0.0765625 0.196875
9 0.94765625 0.27265625 0.0890625 0.190625
10 0.37109375 0.2875 0.084375 0.19375
9 0.7 0.2875 0.0796875 0.18125
9 0.78359375 0.2890625 0.0765625 0.196875
9 0.5390625 0.290625 0.0765625 0.1734375
9 0.865625 0.290625 0.084375 0.2
9 0.61875 0.2984375 0.0828125 0.190625
10 0.121875 0.3 0.0890625 0.19375
9 0.2078125 0.3078125 0.0828125 0.165625