13 0.36875 0.478125 0.15625 0.23125
13 0.5171875 0.49375 0.159375 0.2375
13 0.2984375 0.634375 0.153125 0.25
13 0.4421875 0.6390625 0.1546875 0.221875
13 0.5953125 0.6484375 0.1640625 0.246875
13 0.3625 0.8078125 0.15 0.209375
13 0.2109375 0.809375 0.153125 0.225
13 0.6546875 0.809375 0.15 0.2125
13 0.5078125 0.81875 0.1453125 0.225
13 0.12890625 0.9359375 0.1453125 0.128125
13 0.28359375 0.9390625 0.1484375 0.121875
13 0.428125 0.940625 0.1453125 0.11875
13 0.7328125 0.9421875 0.1546875 0.115625
13 0.57890625 0.9453125 0.15 0.109375
13 0.44609375 0.3046875 0.1546875 0.240625